001111111111000000000000000000000000000000000000000
001111111111000000000000000000000000000000000000000
001111111111000000000000000000000000000000000000000
001111111111000000000000000000000000000000000000000
001111111111000000000000000000000000000000000000000
001111111111000000000000000000000000000000000000000
001111111111000000000000000000000000000000000000000
001111111111000000000000000000000000000000000000000
001111111111000000000000000000000000000000000000000
001111111111000000000000000000000000000000000000000
001111111111000000000000000000000000000000000000000
000000000000000000000000000000000000000000000000000
000000000000000000000000000000000000000000000000000
000000000000000000000000000000000000000000000000000
000000000000000000000000000000000000000000000000000
000000000000000000000000000000000000000000000000000
000000000000000000000000000000000000000000000000000
000000000000000000000000000000000000000000000000000
000011111111000000000000000000000000000000000000000
000011111111000000000000000000000000000000000000000
000011111111000000000000000000000000000000000000000
000011111111000000000000000000000000000000000000000
000011111111000000000000000000000000000000000000000
000011111111000000000000000000000000000000000000000
000011111111000000000000000000000000000000000000000
000011111111000000001111111110000000000000000000000
000011111111000000001111111110000000000000000000000
000011111111000000001111111110000000000000000000000
000011111111000000001111111110000000000000000000000
000011111111000000001111111110000000000000000000000
000011111111000000001111111110000000000000000000000
000000000000000000001111111110000000000000000000000
000001111111111111101111111110000000000000000000000
000001111111111111101111111110000000000000000000000
000001111111111111101111111110000000000000000000000
000001111111111111101111111110000000000000000000000
000001111111111111101111111110000000000000000000000
000001111111111111100000000000000000000000000000000
000001111111111111100000000000000000000000000000000
000001111111111111100000000000000000000000000000000
000000000000000000000000000000000000000000000000000
000000000000000000000000000000000000000000000000000
000000000000000000000000000000000000000000000000000
000000000000000000000000000000000000000000000000000
000000000000000000000000000000000000000000000000000
000000000000000000000000000000000000000000000000000
000000000000000000000000000000000000000000000000000
000000000000000000000000000000000000000000000000000
000000000000000000000000000000000000000000000000000
000000000000000000000000000000000000000000000000000
000000000000000000000000000000000000000000000000000
